-8,727617608650606
-6,260373040333405
-1,4422802199401445
8,250817104213613
0,6172160802717581
-5,41198032106659
-9,354784443261213
6,818107251907858
-7,271430513261845
0,8349467493421976
-7,011465570911113
6,483929738517915
0,9909746878751697
-2,0407616822583847
0,6512168724992158
-2,3401146867375893
0,9476303803432948
-4,423368040567772
-7,243127885782899
-9,156186247549096
-6,240763513590051
-6,1544548846532
7,359294724120861
-1,2089622406229061
4,979795407253427
2,7770753227689386
0,09023116815741261
-4,459511829183327
-0,04802764948473026
5,229608632298628
0,8552600366708045
-8,70397888667296
5,447184968416829
-0,0872397448262614
5,826575182143516
9,547898862132275
-4,033172834522083
0,4864564487024552
-0,6393033671178454
8,592258911296533
-9,386206671498412
-9,318507824954182
7,857248653054228
8,69734979533061
-5,571784876624546
1,9839004134389437
2,50407790686838
8,377337715964948
0,8797995719825575
-1,0947868926111237
2,3112546587890925
-9,81543836400467
3,9395631813187677
0,2026567172785505
-9,166767656642058
1,173614832417421
-3,9777365673943947
9,165742745827433
-7,96302150536995
-8,532454575133483
2,6372208315514705
1,84689625386509
-5,079330171597116
-7,1522322856674485
7,7474545316098435
0,6933204003048221
-7,698174675337923
-9,08442129952811
-1,346590181927942
-8,780452177575953
2,9690336732161384
-7,998135919691018
-6,168964556721248
-4,63751909274208
0,10429722210336223
3,3680140531401577
7,919688900699615
9,544312330274135
-4,366516322778516
0,2390635554209748
-2,645319265901078
-5,43123066006268
-4,572533181484005
-0,3108305218551255
-8,919587318077697
3,844495680052521
-8,967455505663814
-1,351019311815536
5,557103979857274
1,601266207397904
7,191772929647218
-4,467225156904197
-2,338246454140462
-5,632377711438115
-5,1242371746796405
9,472009693343292
6,1809991322949855
-9,480911652520948
1,5824121727348412
-4,131013097459812
0,7534155050610618
-4,826446446668868
-2,3932098107951276
3,0090577852833924
-6,669726953230759
8,307836365584393
5,4244094147820565
7,828026358330305
-6,608296493733792
1,9293767762585254
-8,207847396687107
-6,501568305461101
-7,481898969637313
8,65249614124566
-0,2999453389756823
6,583917226520338
-0,5000796877362816
8,010131186416615
8,926390852197425
8,273966940607487
-0,17111263279023348
3,816085318236375
2,4477487969950573
7,6934473305209465
8,723056225862255
2,11205866918724
9,537934840091634
-5,163109540546897
2,9478033685033402
-5,012947080279353
8,827810363686478
1,6240716218450757
-0,9922489039128628
-8,546095335931065
3,5369064610366348
6,273492324091215
8,575278358613932
-2,2241971814670913
-5,1366369463568535
-1,9435571065483774
-6,2151849906789085
-3,3597031969663993
-8,882748659104454
2,2231071438434817
-4,833357480098979
-4,998377706343149
-6,833864328482894
7,064878958468356
-1,6786884589812523
-2,042803761029475
3,2943538213739725
-4,102710268913221
-9,644371572461168
-4,674150429783468
-4,079519375901861
-9,929499711703226
-8,11817432558313
-0,6541972660830204
-2,866639653499683
7,749814670730938
-4,5611658820204015
6,969000922639228
4,360316168165115
-7,800580726449988
2,5381237260856935
-1,9124903498198353
2,301798418890918
-0,15404148145712426
-0,4279696796757353
8,506485702272116
2,498204339696086
3,8969986509276033
3,222881559577255
3,4449915555521127
-3,5912921456703977
0,566468268125389
4,91903472331806
-5,945128797134878
-4,4111932244709955
0,4313418625005063
6,035895849946861
9,881665447856953
9,481505315276134
-0,6949180941286457
5,335578148808956
-6,261585473282663
1,8279033509402787
-9,798589701420198
-2,1177982783421694
-2,0776099118343456
8,067101272039153
2,7138573737329725
-9,810876614522643
7,774322566396453
-8,641353608308037
-2,1876230618336994
-8,539216137511197
-6,307210255057864
2,046659101169098
5,499363784368725
-7,326365200677332
4,257248999535616
0,6868372901906419
-0,11230342802345916
0,917025000036567
0,9222547212768468
-2,4753947897272477
8,793357627256079
2,0776574615640104
-4,1141305192911055
3,1664407386840683
6,17936181459163
-0,9562471678878985
3,6016755849314936
-8,277951247926701
-9,542642560743321
-3,27950842361866
8,460627918434849
-6,099325731615169
4,403129059339417
7,69739383738689
-6,95173359938283
-6,685619915842798
7,664981326715253
1,605343943124291
-7,377838687586089
3,681982488430929
5,730395726662055
-3,652181376741728
-3,0043420665172604
7,447371731639741
-9,185005047676304
-9,925130706044767
-3,5496330943619503
-3,3999819316104247
7,608619375119538
2,4710209658671403
-6,789001663090069
-5,588971962735389
-0,9359240418820658
-9,455944838281358
5,989320878904294
8,629229756958608
0,4877873586063046
-4,755182243898634
7,300663080876333
4,452518731470098
0,34992986593653086
-2,080879021619209
-9,481218956245947
0,15327208948412263
5,377665144884759
-9,861773720492009
-5,4032560803398555
-6,372571422691653
7,750667291993498
6,5100084314614755
-4,974055647644262
0,13354471884113295
-7,477071370715047
-9,332688310783357
3,6193141928798074
-9,289653229165712
-4,771694452530428
4,4727849541457125
-9,859278506680907
-8,675787172131306
5,2970010485024766
9,924685263848033
1,647393672771809
-3,934526126041784
-8,211543553081821
7,9313583201220155
3,237817700343676
6,767267824322673
8,896679823330583
-6,023314454905795
6,195829562129958
-8,55871548600785
4,721181323116275
-9,219818978854944
-3,8152544461035465
5,4428695399381315
0,8677740166438106
9,778939731051207
8,289673040694968
5,9599818651194365
-1,9925873872725326
9,484970830615161
7,72457231796043
-0,07532025579082102
-5,6789599335589
-2,740187571591422
0,48088065963058213
-6,5897089876222825
-8,162076547192889
-4,209490221243366
-2,630565671538079
-7,685716026191893
-1,0289194289416415
-2,845829453082658
-1,1260238287688864
-4,495549044379872
1,677457970469245
-0,7821766850820833
-7,6410712468565345
0,4717921674939376
4,8413539998743875
8,546691322556303
-3,09786846306098
-7,922805647369902
7,354059092077549
0,7577191560225405
-5,5553329102456495
6,707575596122716
-4,208734070954197
3,2622129834156173
7,953621837888075
1,0625569461794946
-1,3683245727255926
-9,113258953864282
-1,7373041387740162
-4,3043581359816425
7,397082160793101
7,55633965599419
1,7155866834883238
-1,7313883231690763
-0,25899066062318354
-0,24799183387114887
-9,04074016691541
7,721725814120603
-4,811801447530981
-3,237634283452884
-9,694645878408272
4,938190549213443
4,5541223366147126
5,1826613267711785
-6,158808601730792
3,8126101773119245
-4,894752405555387
4,375120406012751
3,650968813375348
-4,496522977505024
1,2905870567052027
-3,2331001349428368
-9,504585878453828
4,592608493428269
9,955488095649482
1,2005871079925718
-5,491582834013455
-8,333212244535575
-3,3647973942478604
5,500647435633292
-7,410517844166275
-1,1277343765457921
-0,37024732195101784
-1,2322951292088629
-6,047638339671111
9,226743455493562
-3,7428736823923874
-0,038215037608480884
-1,6710388259481253
6,423609953214186
-6,221545654014571
-3,4407228034143067
5,6931874620813065
8,74959433481849
-3,5342923261946257
2,8097861622993143
2,831038857875063
9,397232397037381
-6,308355693402168
9,61912384442256
9,962850713756744
7,468110197778422
