9,600866648822851
7,37116180007974
-9,456771680765637
3,4190063064228475
0,03930580808991735
-8,210664929319282
-4,712970936291915
9,050641854254806
6,257574064381096
-6,732789589129238
1,103163095919058
4,524063517700936
7,052385852043361
9,506159673060878
-8,729392995872434
8,094219944702662
5,56835642861023
-1,559606531308857
-6,032249541752835
4,518460211895048
4,481672168853857
-9,188958207164644
-2,166615346819782
2,690067083858798
-0,6932473332080757
-7,041365851479027
3,0928522969269387
5,682269943681188
-3,1198343720655686
7,778890691472224
-2,5721909176535878
-4,503292330833666
-5,262211073901593
4,789664464237086
4,816530958245973
0,5001727802716651
-1,6467805418577477
1,2676733961175195
8,225150866903729
-4,219277766018951
9,944390517183454
8,703493117344628
-7,949163542205044
7,670656314452916
-1,0370109778399161
-7,254045227322874
-6,014968151062834
-0,7046169906530118
7,462234003971108
-2,2118891875265483
-5,145608280772517
-4,6887967525849605
-6,140284241584619
4,155748433331947
9,344075016919554
0,13744291071478543
0,7702089321082717
4,619829346361579
7,987545153725073
-9,835409221131941
-8,1201513795882
8,554531768116085
2,006471322418939
5,9747712868351925
3,054595629664142
-8,865192383810712
-4,188683257883989
-6,0142217820883275
1,692286224218991
4,871051030783054
8,16309310660693
9,599969827193625
-7,960406762866166
-4,649032321223863
-9,465008985415366
4,105896598571292
5,8446144959855655
-1,5438090696888018
-5,1376578885120345
-7,301329117537323
-6,227718446048193
-2,7075555259348256
3,462285548937732
9,250007072840283
-4,288891138289504
-9,25011589401237
4,0868479499028965
3,5386890019133723
-5,08779258668663
3,4545805240700744
2,027218668657591
1,3337969132946448
-9,937165296831909
-9,615474115520914
1,8996100537643237
-0,2935642102009375
8,157279207699652
-8,234455577602038
-2,530608652797275
7,136059078566671
-6,741888466048309
3,698574845937589
-8,402195081381869
4,57568683472163
8,105809096220401
-5,451542660680346
8,476359930029538
-3,743821083722894
7,307196783807779
6,930634096068669
-1,800241282262803
9,315447251108921
5,461687930147811
2,720818427196118
8,795933050250756
-7,112566981428281
-9,33874328170678
-2,256571284465272
-7,687624131075658
4,343777755586194
-2,3082247689260953
-8,867681755701408
9,380500449416868
6,634339323504825
-2,379279681500213
-1,6617262228043508
-7,125689354357638
8,788286459010909
-3,6100130461796827
5,150301468137444
-0,703969613566608
-6,642075390449826
-4,587574100225808
-8,169310519543611
-1,0294808175728392
1,1655552961494493
8,158049440540758
-6,092969722532226
9,094724010989626
0,16590735372953525
-3,0219111273614825
-7,213884910682444
0,11974948340476566
-4,98403678300625
5,308384565547504
8,084020716278218
9,908051666168848
3,689090163598605
1,257848090718447
1,5132077633234573
6,8007118985713575
9,928748432494988
-7,316860641363101
1,1622438009825018
1,426576236330913
4,2675019592284364
0,7525626248093094
-1,3786425600910501
-0,6452985456916966
6,714536271483546
4,25878182810659
8,97460953033448
-2,8892082811268978
0,9464343824710184
9,677700610067646
8,835544846103758
0,9338586298985767
2,9541701588828992
0,379434393176318
2,945353984463729
-9,662147626885474
-4,766763313404394
5,591807029087057
-9,829031116922115
6,516216753701819
8,214707478059047
6,2474920185814184
3,048557093487336
-1,284507533163822
1,534573951329337
-7,218600444198766
-7,709278940310611
-0,5495242357952286
4,630816458153964
4,169431229023235
6,379270598793433
-7,090764397482461
0,03085826342787712
-5,178018925702683
7,023428439198376
7,328615645886259
-6,860847927585219
-8,634577516138457
-6,277359366178752
5,665262595647718
-6,647958091329911
-5,976526655220664
6,660158402127028
-4,251365532526541
-9,70576557081753
1,7135557781171062
4,049316553513432
6,314730864119756
-0,92636467876439
-5,4547423823065255
5,487537537727679
1,734879918349586
6,4971757372007914
-1,3773220820080052
4,128868757423591
-9,809168160682887
7,757497553059778
1,1771811160739514
9,609524726854236
3,476118874574963
-2,2363394438675943
6,451496670071165
7,20098077177752
9,548470482411549
9,055754800805222
7,4315443394578296
-4,6542354525784635
-8,792582792483179
-3,9539870389485277
1,390455522994083
4,0085890277739455
2,089196956409417
5,725583667500381
7,115490806972328
-1,3483531620206222
-8,480083762366618
-2,835773876274949
4,840206796717455
-6,24013766622787
-6,859362627373661
-6,639458882195813
3,955361391301915
-6,19303281902277
-9,121591459240184
-2,1048771532074495
9,513318196679315
-9,88702743010273
5,140103168545892
-3,6917248079771987
3,104069966241843
1,0105846262518732
2,413923039722439
5,649752150213862
4,281135703138293
6,272312344899916
-0,5430010052043066
-0,1364395416210602
1,6867972522772607
-1,2063432963071783
6,629510218743093
3,2818619051775038
-5,469147195533466
7,965690875302805
1,5687373469472483
8,884531120010337
-5,810066739135705
-7,396480209071282
4,480413232312886
-6,4154029945268265
-6,07149447696367
5,587824405207405
1,4224786677869332
4,884573663330034
2,340750103545444
-5,278247412919725
-1,7919400781252275
3,2123325607071855
-7,131960979416913
7,04313506538146
-9,184318932142123
-0,7304448221220223
-3,359941258888936
-8,231992956252814
-5,694888185952127
-0,2557317926055198
6,242329482455901
4,909186197085996
-1,4596802164101081
-6,20016577276232
2,9216282539743474
8,969440223126618
7,392737474668046
-7,536397207179377
4,543621698841122
8,546807311566297
3,4267964495168997
9,842181049848499
4,489754945540696
6,527001188111676
-0,24255521222532828
5,4796875682587185
-6,898032518546884
8,245005443320146
-6,966659597440133
0,10284075925795122
4,289040074520006
6,163910905033909
4,4750986945589375
-1,911153470199773
6,491802440343697
4,108261048948128
4,942039793448036
-4,8489694362958
9,857132738778741
4,697469197292143
2,870888938564221
1,1727579350283897
2,87615957487769
-8,472915318726791
-0,9003028449718453
7,9136671356232995
-2,6571391450933497
-7,868506684308317
0,3516390400669227
-5,688420167532349
-8,090081132534744
-5,631379296458466
-2,343355796985387
-6,752671599371491
-3,5127765399076427
4,230026174629584
-0,012170273133889964
-2,4162322469624513
-9,276486059942599
-6,190876314431543
-8,390145591479161
-6,107131393807297
-2,3362458702546585
-1,8493949710376345
7,84351568918586
9,516320812761133
5,3867946243347085
-4,365975431669296
-5,450944505339592
1,1525689632373677
8,095046210580271
7,009586376768478
0,2522616660184518
-3,241570758067751
1,201867563567756
-8,349712884380505
-6,623368863746002
-6,301459676738812
-7,983521215007315
-9,317142659578575
-5,965803641775517
2,144598224906918
0,3978608897013185
-1,4122519900742336
-3,6883395694914007
-2,676137985097304
8,578251354726227
5,691650813780104
-5,435945108898091
-1,169017615047503
8,693828343435712
-9,921836162321105
-1,5990609259310613
-4,399930727864215
-5,264692129192987
-4,997453516579435
-6,400640556354951
-3,250635167979709
7,849977007479755
3,935125990271848
-2,806519640208598
4,853840254920607
-8,788012369333105
-7,335813093094961
-8,650815074718592
0,9330449237821643
-3,3646401193806197
5,558161396068719
4,30134891466918
0,021130406775487387
8,117419234750372
4,542733886912199
-4,37387737731584
-3,9046805051961524
5,295994663328827
9,140549178390945
-0,7790728863717948
-1,9016904637996923
-5,7127087476792155
0,614613977943856
2,620600808468435
8,432486034510308
-6,724951189636426
-4,594718297425735
1,4710326202059836
2,4609368692703075
1,348670650879221
-7,856324379650166
6,797390486272214
0,14340428713325792
7,286659681566512
6,374959647513652
-0,16082783947075185
-2,0437379481093494
6,894424035120512
-7,248426686663267
4,943576050782774
2,0334514455432995
-2,438597025916165
-0,5942730844624187
-2,6257635711132954
-7,115888411596989
-9,657669415621445
-4,40682837073515
2,603689343212876
4,8382831729494296
7,004672852004855
9,649197481042787
9,011896491246304
-5,501134537453243
3,427014139759823
0,5657469397294079
5,19686971407177
1,7874663817629592
8,436685391645707
-7,722173610211749
6,89849617155819
2,2261192940720633
-6,876639872661261
1,1255446811369367
-4,1803152195939
0,8615602830394202
8,353782054009478
-0,6251619025617074
-6,7188470331321355
9,002949706277512
9,253719846910457
-2,0714711907993326
7,08321395226578
-8,890872006825372
0,2946989187545501
-6,096647570692819
-6,508857495626206
2,5244444795772143
2,487345360407666
-0,6299322356764812
-7,168821859570422
3,8393582850274743
7,69614153674026
3,034357738685161
3,5618949880993718
-2,7123489794860127
-3,6161596518393484
0,9849676453169245
-5,204186577684203
-3,9657734524323214
0,7565326263594727
-1,6637036191569
-4,528817086280683
-7,605067886643213
6,56420807725074
8,530106828787687
-7,149465823523508
2,6046377209305653
-9,849999006725621
-1,1396111645547773
9,359661055029449
8,749826613610502
-3,911841347576792
-4,933726201229913
7,499577503064025
4,791430008117823
5,138613743745385
7,804573478067439
4,982141256295748
6,968098728691309
-4,782312104523689
6,969949685942197
-3,381452979373698
8,497607255436861
7,761799076858274
6,261481695155684
-0,886037200253444
3,19346453042235
7,592617682081588
7,219352183817222
1,4570508167281044
6,48951750944569
1,7212845683836697
7,805180976713167
1,5772316227974947
5,479962482108382
-4,316488471009623
2,1517809218530477
8,988739045058253
-2,622201953516976
-1,971341033274264
3,3194523846614423
-3,027109174621203
-7,744063695115968
-7,495077279274705
-8,967581167674275
-5,603993208744058
-7,721480387958355
-1,9490045253128851
8,674130020050786
6,935652960142775
-5,8891207973797695
-4,016141605288479
-8,723897988818802
8,808208475389833
-3,771347108556471
1,8837273919195763
-3,966134074791059
5,14734704949538
5,882936983259645
0,06335616342957096
0,7499294871883517
-9,649068351758377
-0,2553760023454714
4,965855146529272
-4,711113970488199
0,8082724289310796
-7,897983134968891
-0,3562172266341399
7,1522600837154435
-6,202400272697708
-5,273231562139404
-0,05868338097686454
5,054217100999329
5,706489117193566
-5,943469503335592
-6,971423793095255
-9,335233092601205
9,260784448299844
6,037005327269178
-7,485308127008608
-3,736818040580032
-8,535445755504462
-1,8887876241051558
1,573600582664639
-2,2647188150495756
-7,127481083181529
-7,855724191715852
5,584881539894138
-4,874531565418834
5,03106015955048
-5,176046885143528
-0,44572816800279824
-4,13385453306568
-7,674576962182849
8,74815050512855
5,563313256727795
-4,395222829826675
-3,86439105293727
-8,53059728901835
1,8274397177080033
-9,506186604833006
9,877394563985238
-4,863669175375092
-4,639811166575775
-7,187225720769277
-7,2765033540206
5,723252126703214
6,3300441898846245
4,882512296636111
4,2540547179828625
9,96492464199908
-1,072941290435212
8,005879083490065
7,465249280750051
1,1552015958506487
0,6009407307510592
6,2432700605844325
-1,6266911968236908
3,2066968324679284
5,150035297293645
-5,503461802253627
2,4077952237890194
0,07440766618406869
4,544139977918478
-4,38288469635721
8,563136226220475
5,481437833772176
-7,827541119571528
6,996712361310383
-3,2437895736563505
2,9512389727111668
-9,687388202993702
-8,02860700932311
-9,815384878597268
-3,618017978354229
3,4433906527089952
2,1164346161736844
7,84173863364116
9,44860478857408
-5,927896346160844
-1,2089692069377662
5,168141130169747
-8,63680990047161
-8,945076630747515
-3,867047089297966
5,135698250766655
3,4379257845889306
-0,3266153874888822
1,4198908081843307
-1,9893398765880672
8,097894821001141
0,2693749246709771
-4,017940699065379
6,375996855069619
-7,286503521808799
1,0451916265926737
9,003564733277504
-5,243186199673904
7,046236237814547
4,487736226638297
-3,2016292135922093
-8,298998971447535
-4,473764030348157
0,31957328543376207
-2,2971084834629814
5,445050609719569
-5,213440422743134
3,8632790963837333
-7,533676245857908
5,07543150407237
-9,150684382813512
-9,064228890660548
-8,630491870864997
7,280564658125243
6,094444593314396
-7,768207314042388
8,394027309812902
4,059776212402095
-1,8795879721782622
-5,996939368568892
5,512157002659324
-1,5898638201259594
-9,95854136120694
-5,832040815060699
-8,571470005292944
-9,531923408831691
3,6338868043688617
-7,696277869297918
5,218619142370365
-9,303307682116252
-6,9622444777770625
-2,289600028107621
-3,7267242603245005
-3,990357752871816
-6,281283110710099
-0,005698706630445471
0,4139018660737399
5,486965896351187
-6,197109777761733
-9,989701986883146
-5,063502375640152
-6,968553104004425
4,81058456603667
2,0442313355398802
0,32440569462423063
-1,8001658404226095
-2,486144750603623
9,010580540062072
9,837880694314357
7,631547656714481
-7,64110318317671
3,508516632034153
-9,548347845281349
1,5790606380053411
8,183880970551257
2,4781447133269285
4,8061269334709
-0,24361715247154514
2,1346826650354345
-0,5622048873993375
9,571496450795284
8,732428353833882
-3,975510641023112
3,438761889531323
2,974471244266903
5,40079043505915
9,683269264499842
-8,32682224965978
-6,007506612699478
-7,547861324844652
6,375772831690494
-4,758468042133702
6,149947638832444
2,450476593609812
-0,7343311482168975
-1,1613923722333865
3,777498299587748
9,184684117860893
3,1863719576019296
8,819236616901467
-3,7392267405313673
3,1778539082830264
5,6990127689999515
9,603476017223759
2,1500659416952637
9,716937747303817
2,380725056216555
-5,051987906954343
-5,168509409404827
-7,753874072746867
9,153341929382556
0,381665466596683
-7,143645830609124
8,025855617229169
5,913648126983922
-3,941312360822713
-1,2083279043198463
-2,635997711490532
-0,7168857346435065
9,092651770816872
2,405452905251815
-4,101598078879718
-0,07298805393023144
8,891133389652946
-7,453232399644836
-2,0121313484974923
8,629173052226424
-7,6300898024201675
-2,835190957826626
7,503546221145186
4,204527655128912
-6,714092074305369
-5,058558799868383
-0,957570717080463
7,261561153087001
0,8574909854235635
-5,977750232305652
-4,063449667000032
-6,372041482092838
5,89583920647298
-3,4773461933970147
-8,039286802737218
1,8229456062238398
-2,460493979028879
-2,178012100128548
5,4727586287884336
-9,985874447221574
1,7822465567359895
-2,0817890398527217
6,532010748290446
-5,228036242818521
-0,855544313824879
9,418240223739794
7,001108408035233
-8,18385480964135
-4,248094931908028
0,0842371211455255
-0,4061497999996142
9,339170519813656
5,500917367137053
9,084388861158704
3,350016741473487
5,159359904657567
-5,45829342237991
-0,9916892041124896
-0,1932100741325513
7,057974210651249
-8,589452639446806
9,304210843650228
-3,7190885935231037
1,1453753331481877
-7,0858652295175855
4,274261868369349
4,766663962834263
7,9492203801307895
-8,555070585857308
4,421914118799064
-3,3303686824044476
-9,50612489354869
-0,37017572127829723
-9,674892209122428
4,022076232998334
-0,7918824062397647
-1,0421183172933528
-1,600373637606765
-3,063224813422025
7,627783615081803
-1,693403135572451
2,232495462342282
4,829110944396291
5,474274508659001
3,13461112121961
-8,668100722959007
6,173703989342755
7,007756297878334
-9,849603958912425
8,091238986755137
4,289015712333551
-6,246859974479435
0,48251446757512895
9,535867684145014
-3,8375640367124486
6,493930928121909
8,151826699102212
-3,6198933249317555
6,150835983805301
3,495270641298582
0,11245634522438053
8,268899911633898
4,131256213433694
8,839646153645248
-3,879025149735056
6,128580737656982
-0,2293526258495895
6,813296029787455
2,6496341823482954
0,3240332701139632
-8,457311225328192
1,6619344227067057
2,3561390401199915
2,449959700512654
9,681872787564785
5,360987801633602
-8,05516905971083
-2,2585775348952097
2,9213349077281094
0,8242760325466989
-0,6284297918165755
3,1153749013086873
-9,790037541489127
-8,118118708821427
5,456485365299811
5,902819255040519
7,318109166496356
-5,236642369848951
-5,61933838709842
6,295741294825721
6,513516070377939
-6,208804784034172
-3,260911298924314
3,043692768076511
-5,29277120453237
-1,8332327981056338
-5,635346850025485
9,650949457761083
1,9518140438938154
4,6317825211952055
-0,7743791109766374
-5,712665371186015
9,834946421154061
-0,7235183645726799
8,242557617763346
-9,154613443930735
2,166489785583156
3,3354845053752964
-5,037368651919958
0,9545814164838369
-0,7141954453664248
4,7687065552330115
3,860725404500398
0,18069090482237016
7,036832693863246
4,102772297521698
1,0855528916824309
6,013130316109404
-9,899178816932244
-6,0181782500410925
-0,5303411797050295
1,6849630118147125
5,511487637618636
-2,7173456940989844
0,5554878192965482
1,1561078340730049
-7,297494515392806
7,433722545392339
-2,856578810404349
-0,5385850817000879
-3,4679361039127716
6,183067636597567
5,460216614363722
-8,021083558887677
9,128714561305507
-9,598567527715801
2,6190166853934684
9,237305453559507
-5,1116694025206115
-5,8006010819755645
-2,9739411512753877
1,3404019937597038
-7,319575115180799
8,022175338165937
-2,403434702318574
2,6699515721579807
-7,891526832323752
3,3792020004101513
8,14770305538299
9,67030138557709
-2,418992366761678
-3,4664090320821135
5,559887262853067
9,822976801911064
-5,399885370572108
-9,47793644848079
-3,7723962843842624
5,284997796358606
6,45763784741111
-0,9134580319474246
-6,618639971072375
-7,97635757352563
-0,14624551676953423
4,416797092052002
4,000607848833663
-6,596974381193636
-0,8264265036630398
-2,405859004508817
0,5171038777227448
3,6166160076675915
-0,4548200547988035
5,417020386301788
-2,2996731365551293
0,6684758704126708
-1,0549415301655234
2,451033866590077
-9,831760043257873
8,327068926708321
-0,6147197248299427
-8,399152037996679
5,426640638661818
4,564995811443149
-7,839967777727958
-5,403737004102154
-1,9547477722303235
2,756037665978342
4,7268514396829335
-6,03971875044055
-9,685748240583983
-6,267103183223921
4,214702063128312
-2,848921805851745
2,248538095955608
-5,520305582910579
4,653684256558643
2,3574908504708993
-0,16679778905439413
5,511949977325855
9,673370119861644
-8,609963280020544
9,92901777903905
-4,4818907680856634
1,8520764233436644
2,2223616658400225
-5,979359894091494
5,823631295786814
8,190936976318682
-5,96180566716612
5,342776604414155
-5,141255159100828
-7,225386854169655
1,9374603213300787
-4,030050700017824
4,904171879974875
3,204255480586262
4,318095136577691
